param	 splines_n := **K;

param	 splines_nVariables := 
**k	2
;

param	 splines_variablesY := 
**c	'p[**j,**t]'
;

param	 splines_variablesSigma := 
**c	1	'sigma_1_v_**t_'
**c	2	'sigma_1_q_**j__**t_'
;

param	 splines_variablesX := 
**c	1	'v[**t]'
**c	2	'q[**j,**t]'
;

param	 splines_nIntervals := 
**k	1	10
**k	2	10
;

param	 splines_nDegree := 
**k	1	5
**k	2	5
;

param	 splines_alpha := 
**k	14.3708518791	
;

param	 splines_l
[**k,1,*]	:=
1	15000.0000000000
2	16800.0000000000
3	18600.0000000000
4	20400.0000000000
5	22200.0000000000
6	24000.0000000000
7	25800.0000000000
8	27600.0000000000
9	29400.0000000000
10	31200.0000000000
11	33000.0000000000

[**k,2,*]	:=
1	8.5000000000
2	11.8500000000
3	15.2000000000
4	18.5500000000
5	21.9000000000
6	25.2500000000
7	28.6000000000
8	31.9500000000
9	35.3000000000
10	38.6500000000
11	42.0000000000
;

param	 splines
[**k,1,*,*]	:	1	2	3	4	5	6	:=
1	 0.0000000000    -0.0000000000     0.0000000019    -0.0000020992     0.0007958799    -1.2610774550
2	-0.0000000000     0.0000000000    -0.0000000002    -0.0000000090     0.0003705282    -1.0662245603
3	 0.0000000000    -0.0000000000     0.0000000000     0.0000000643     0.0001093046    -0.7239511174
4	-0.0000000000     0.0000000000    -0.0000000000    -0.0000000721     0.0001730307    -0.3725190975
5	 0.0000000000    -0.0000000000     0.0000000000     0.0000000766     0.0001633095    -0.1680363893
6	-0.0000000000     0.0000000000    -0.0000000000    -0.0000000918     0.0001583878     0.2279147303
7	 0.0000000000    -0.0000000000     0.0000000000     0.0000000363     0.0000056588     0.2954070958
8	 0.0000000000    -0.0000000000    -0.0000000000    -0.0000000007     0.0001409758     0.4509239887
9	-0.0000000000     0.0000000000     0.0000000000    -0.0000000373    -0.0000114434     0.5930376855
10	 0.0000000000    -0.0000000000    -0.0000000001    -0.0000000820     0.0000449447     0.6202495316

[**k,2,*,*]	:	1	2	3	4	5	6	:=
1	 0.0030635843    -0.0478332996     0.2623815525    -0.4377566617     0.2238717029    -10.5142323061
2	-0.0001406174     0.0034817373    -0.0347739146     0.1300887173     0.8605977043     -9.5444252771
3	-0.0000799085     0.0011263960    -0.0038994212    -0.0378119775     0.9964802819     -6.1296634689
4	 0.0000243864    -0.0002120719     0.0022265504    -0.0311971974     0.7309251877     -3.2542507916
5	-0.0000159982     0.0001964003     0.0021215509    -0.0139320681     0.5803313264     -1.0884742883
6	-0.0000374650    -0.0000715695     0.0029579172     0.0145995513     0.5778743347      0.7970291998
7	 0.0000618617    -0.0006991076    -0.0022056195     0.0254223928     0.7409217431      2.9831349082
8	-0.0000493649     0.0003370767    -0.0046312267    -0.0205613375     0.7708169666      5.6056560397
9	 0.0002340695    -0.0004897850    -0.0056543724    -0.0629670185     0.4967380997      7.8046557789
10	 0.0005979520     0.0034308784     0.0140509536    -0.0647738422    -0.0417652939      8.5865742753
;