param	 splines_n := **K;

param	 splines_nVariables := 
**k	2
;

param	 splines_variablesY := 
**c	'p[**j,**t]'
;

param	 splines_variablesSigma := 
**c	1	'sigma_1_v_**t_'
**c	2	'sigma_1_q_**j__**t_'
;

param	 splines_variablesX := 
**c	1	'v[**t]'
**c	2	'q[**j,**t]'
;

param	 splines_nIntervals := 
**k	1	10
**k	2	10
;

param	 splines_nDegree := 
**k	1	6
**k	2	6
;

param	 splines_alpha := 
**k	14.3708518791	
;

param	 splines_l
[**k,1,*]	:=
1	15000.0000000000
2	16800.0000000000
3	18600.0000000000
4	20400.0000000000
5	22200.0000000000
6	24000.0000000000
7	25800.0000000000
8	27600.0000000000
9	29400.0000000000
10	31200.0000000000
11	33000.0000000000

[**k,2,*]	:=
1	8.5000000000
2	11.8500000000
3	15.2000000000
4	18.5500000000
5	21.9000000000
6	25.2500000000
7	28.6000000000
8	31.9500000000
9	35.3000000000
10	38.6500000000
11	42.0000000000
;

param	 splines
[**k,1,*,*]	:	1	2	3	4	5	6	7	:=
1	-0.0000000000     0.0000000000    -0.0000000000     0.0000000040    -0.0000035520     0.0011539626    -1.2720656197
2	 0.0000000000    -0.0000000000     0.0000000000    -0.0000000001    -0.0000000692     0.0003309123    -1.0548497466
3	-0.0000000000     0.0000000000    -0.0000000000    -0.0000000000     0.0000000288     0.0001650493    -0.7033534696
4	 0.0000000000    -0.0000000000     0.0000000000     0.0000000000    -0.0000000231     0.0001393194    -0.3940442294
5	 0.0000000000    -0.0000000000    -0.0000000000    -0.0000000000     0.0000000309     0.0001748843    -0.1441771080
6	-0.0000000000     0.0000000000     0.0000000000    -0.0000000000    -0.0000000537     0.0001620356     0.2084816380
7	 0.0000000000    -0.0000000000    -0.0000000000     0.0000000000     0.0000000102    -0.0000055330     0.3122115005
8	-0.0000000000     0.0000000000    -0.0000000000    -0.0000000000     0.0000000126     0.0001506259     0.4412967077
9	-0.0000000000    -0.0000000000     0.0000000000     0.0000000000    -0.0000000476    -0.0000113846     0.6036583793
10	 0.0000000000    -0.0000000000    -0.0000000000    -0.0000000001    -0.0000000225     0.0000609008     0.6052847496

[**k,2,*,*]	:	1	2	3	4	5	6	7	:=
1	 0.0000669875     0.0001855654    -0.0185409092     0.1464757436    -0.2550773881     0.1276532102    -10.5032441394
2	-0.0001111413     0.0015320149    -0.0041561746    -0.0307789339     0.1648663963     0.8483296836     -9.5935533692
3	 0.0000494996    -0.0007019250     0.0027958282     0.0018907298    -0.0583156807     0.9750648544     -6.0927384894
4	-0.0000230275     0.0002930178    -0.0006287695    -0.0021995531    -0.0214349695     0.7517363728     -3.2837057066
5	 0.0000128578    -0.0001698340     0.0004028946     0.0049443427    -0.0192202522     0.5657395869     -1.0767448374
6	-0.0000098697     0.0000886080    -0.0002773738     0.0009513898     0.0180401155     0.5896164772      0.7859282886
7	 0.0000152152    -0.0001097736    -0.0004546360    -0.0002425138     0.0235915429     0.7316176464      2.9878677900
8	-0.0000272684     0.0001960524     0.0002679492    -0.0072135360    -0.0219843198     0.7825375100      5.6123570514
9	 0.0001003934    -0.0003520419    -0.0010384623    -0.0021243263    -0.0542458741     0.4871046216      7.7938656585
10	-0.0008572692     0.0016658649     0.0099648052     0.0199389069    -0.0882117758    -0.0715734452      8.5996041373
;