param	 splines_n := **K;

param	 splines_nVariables := 
**k	2
;

param	 splines_variablesY := 
**c	'p[**j,**t]'
;

param	 splines_variablesSigma := 
**c	1	'sigma_1_v_**t_'
**c	2	'sigma_1_q_**j__**t_'
;

param	 splines_variablesX := 
**c	1	'v[**t]'
**c	2	'q[**j,**t]'
;

param	 splines_nIntervals := 
**k	1	10
**k	2	10
;

param	 splines_nDegree := 
**k	1	7
**k	2	7
;

param	 splines_alpha := 
**k	14.3708518791	
;

param	 splines_l
[**k,1,*]	:=
1	15000.0000000000
2	16800.0000000000
3	18600.0000000000
4	20400.0000000000
5	22200.0000000000
6	24000.0000000000
7	25800.0000000000
8	27600.0000000000
9	29400.0000000000
10	31200.0000000000
11	33000.0000000000

[**k,2,*]	:=
1	8.5000000000
2	11.8500000000
3	15.2000000000
4	18.5500000000
5	21.9000000000
6	25.2500000000
7	28.6000000000
8	31.9500000000
9	35.3000000000
10	38.6500000000
11	42.0000000000
;

param	 splines
[**k,1,*,*]	:	1	2	3	4	5	6	7	8	:=
1	-0.0000000000     0.0000000000    -0.0000000000    -0.0000000000     0.0000000009    -0.0000012410    0.0005239319    -1.2566316689
2	 0.0000000000    -0.0000000000     0.0000000000     0.0000000000    -0.0000000002     0.0000000608    0.0003587720    -1.0875644410
3	-0.0000000000     0.0000000000    -0.0000000000    -0.0000000000     0.0000000001     0.0000000385    0.0000859222    -0.7090085172
4	 0.0000000000    -0.0000000000     0.0000000000     0.0000000000    -0.0000000000    -0.0000000683    0.0001859616    -0.3807023664
5	-0.0000000000     0.0000000000    -0.0000000000    -0.0000000000     0.0000000000     0.0000000827    0.0001619163    -0.1710802963
6	 0.0000000000    -0.0000000000     0.0000000000     0.0000000000    -0.0000000000    -0.0000001047    0.0001548347     0.2353385550
7	-0.0000000000     0.0000000000    -0.0000000000    -0.0000000000     0.0000000000     0.0000000562    0.0000208068     0.2891644122
8	 0.0000000000    -0.0000000000    -0.0000000000     0.0000000000    -0.0000000000    -0.0000000258    0.0001050250     0.4602940104
9	-0.0000000000     0.0000000000     0.0000000000    -0.0000000000    -0.0000000000    -0.0000000313    0.0000650327     0.6055168471
10	 0.0000000000    -0.0000000000    -0.0000000000    -0.0000000000    -0.0000000000     0.0000001105    0.0000147172     0.5806557714

[**k,2,*,*]	:	1	2	3	4	5	6	7	8	:=
1	-0.0002575701     0.0054253369    -0.0445310322     0.1676687225    -0.2447644736     0.1189517146    -0.0004016022    -10.5186771094
2	 0.0000329331    -0.0006146821     0.0038160478    -0.0038589890    -0.0515311008     0.1746825900     0.9138340746     -9.6097539962
3	-0.0000093482     0.0001575995    -0.0007776330    -0.0000795913     0.0080013818    -0.0378362255     0.9417929433     -6.1142028673
4	 0.0000041075    -0.0000616153     0.0001870083     0.0011242705    -0.0030420789    -0.0402305136     0.7624855318     -3.2426269505
5	-0.0000024911     0.0000347048    -0.0000834421    -0.0007107418     0.0047871138    -0.0048027973     0.5620154254     -1.1012975222
6	 0.0000017100    -0.0000237105     0.0000270505     0.0004558916     0.0010129454     0.0075714161     0.5947874240      0.8200658473
7	-0.0000007376     0.0000163885    -0.0000465353    -0.0008323210    -0.0001327705     0.0289763850     0.7221068354      2.9790699729
8	-0.0000015208    -0.0000009083     0.0001090406     0.0001764460    -0.0074370505    -0.0214720736     0.7914980746      5.6135348753
9	 0.0000156557    -0.0000365716    -0.0002676323    -0.0001511823    -0.0002224311    -0.0585299545     0.4751016006      7.8042277399
10	-0.0003617008     0.0003305552     0.0026869036     0.0098100143     0.0092296120    -0.1019395980    -0.0534912499      8.6210830002
;