param	 splines_n := **K;

param	 splines_nVariables := 
**k	2
;

param	 splines_variablesY := 
**c	'p[**j,**t]'
;

param	 splines_variablesSigma := 
**c	1	'sigma_1_v_**t_'
**c	2	'sigma_1_q_**j__**t_'
;

param	 splines_variablesX := 
**c	1	'v[**t]'
**c	2	'q[**j,**t]'
;

param	 splines_nIntervals := 
**k	1	10
**k	2	10
;

param	 splines_nDegree := 
**k	1	3
**k	2	3
;

param	 splines_alpha := 
**k	14.3708518791	
;

param	 splines_l
[**k,1,*]	:=
1	15000.0000000000
2	16800.0000000000
3	18600.0000000000
4	20400.0000000000
5	22200.0000000000
6	24000.0000000000
7	25800.0000000000
8	27600.0000000000
9	29400.0000000000
10	31200.0000000000
11	33000.0000000000

[**k,2,*]	:=
1	8.5000000000
2	11.8500000000
3	15.2000000000
4	18.5500000000
5	21.9000000000
6	25.2500000000
7	28.6000000000
8	31.9500000000
9	35.3000000000
10	38.6500000000
11	42.0000000000
;

param	 splines
[**k,1,*,*]	:	1	2	3	4	:=
1	-0.0000000000     0.0000000874    -0.0000000315    -1.2795039295
2	-0.0000000000     0.0000000178     0.0001892192    -1.0716653152
3	-0.0000000000    -0.0000000046     0.0002130171    -0.6975864679
4	 0.0000000000    -0.0000000480     0.0001183537    -0.3758805667
5	-0.0000000000     0.0000000901     0.0001941133    -0.1692594471
6	 0.0000000000    -0.0000001196     0.0001410338     0.2456237374
7	-0.0000000000     0.0000000572     0.0000286699     0.3028916446
8	 0.0000000000    -0.0000000178     0.0000996287     0.4588290923
9	-0.0000000000    -0.0000000030     0.0000623268     0.5965984841
10	 0.0000000001    -0.0000001025    -0.0001275361     0.5916690266

[**k,2,*,*]	:	1	2	3	4	:=
1	 0.0225458140    -0.0035776413     0.0001422442    -10.4958058724
2	-0.0343836056     0.2230077897     0.7352332414     -9.6878611005
3	 0.0131500866    -0.1225474469     1.0717753899     -6.0147893693
4	-0.0047252784     0.0096109232     0.6934380357     -3.3052480994
5	 0.0067089584    -0.0378781244     0.5987429116     -1.0520207065
6	-0.0006997910     0.0295469076     0.5708333352      0.7809066031
7	-0.0038774946     0.0225140082     0.7452374029      2.9984795418
8	-0.0046766553    -0.0164548121     0.7655357098      5.6019124364
9	-0.0044049422    -0.0634551977     0.4978371769      7.8059723262
10	 0.0502844306    -0.1077248668    -0.0756160391      8.5959954588
;